=== Table 1: Naive Algorithm — Avg time per run (ms) ===
----------------------------------------------------------------------------
      n |   runs | Naive-O0(ms) | Naive-O1(ms) | Naive-O2(ms) | Naive-O3(ms)
----------------------------------------------------------------------------
      0 |  10000 |      0.000003 |      0.000002 |      0.000002 |      0.000001
     10 |  10000 |      0.001309 |      0.000269 |      0.000156 |      0.000159
     20 |  10000 |      0.002652 |      0.001233 |      0.000560 |      0.000842
     50 |   5000 |      0.016370 |      0.011384 |      0.003351 |      0.004059
    100 |   1000 |      0.092129 |      0.053904 |      0.013379 |      0.010706
    150 |   1000 |      0.203047 |      0.170200 |      0.029576 |      0.028705
    200 |    500 |      0.334202 |      0.267094 |      0.063225 |      0.052753
    500 |    100 |      2.268785 |      2.382604 |      0.489725 |      0.462205
   1000 |     10 |      7.760700 |      8.236840 |      2.355320 |      2.371090
   2000 |     10 |     54.133160 |     42.555870 |     26.221120 |     24.441040
   3000 |      1 |     68.221000 |     80.723100 |     64.360300 |    100.551100
   5000 |      1 |    297.910000 |    244.252900 |    270.649400 |    260.058700
  10000 |      1 |   5074.264900 |   2351.410000 |   1872.742500 |   1668.467700
  20000 |      1 |  13218.230100 |   7430.286300 |   7656.469800 |   8067.414700
----------------------------------------------------------------------------

=== Table 2: Cache-Opt Algorithm — Avg time per run (ms) ===
--------------------------------------------------------------------
      n |   runs | Opt-O0(ms) | Opt-O1(ms) | Opt-O2(ms) | Opt-O3(ms)
--------------------------------------------------------------------
      0 |  10000 |    0.000003 |    0.000002 |    0.000002 |    0.000001
     10 |  10000 |    0.000468 |    0.000183 |    0.000143 |    0.000126
     20 |  10000 |    0.001642 |    0.000555 |    0.000414 |    0.000369
     50 |   5000 |    0.008788 |    0.004196 |    0.002274 |    0.002100
    100 |   1000 |    0.087813 |    0.012414 |    0.009953 |    0.006654
    150 |   1000 |    0.121392 |    0.061877 |    0.024056 |    0.015412
    200 |    500 |    0.152813 |    0.047491 |    0.045870 |    0.020250
    500 |    100 |    1.378407 |    0.869312 |    0.244801 |    0.146641
   1000 |     10 |    3.408920 |    1.379430 |    1.254200 |    0.799090
   2000 |     10 |   15.993620 |    8.074870 |    5.269280 |    4.280490
   3000 |      1 |   31.394700 |   12.809200 |    8.305500 |    7.667800
   5000 |      1 |  102.095800 |   26.819100 |   30.703600 |   26.879300
  10000 |      1 |  364.536500 |  128.498000 |  176.699400 |  124.267600
  20000 |      1 | 1773.905900 |  632.119500 |  529.020700 |  358.256700
--------------------------------------------------------------------
